M1=100;
K1=50;
M2=15;
K12=2000;
b=50;